[
	[3,3,3,3,3,3,3,3,3,3,3,3,3,3,3,3,3,3,3,3,3,3,3,3,3,3,3,3,3,3,3],
	[3,1,1,1,2,1,2,1,2,1,1,1,2,1,1,1,2,1,1,1,1,1,1,1,1,1,1,1,2,1,3],
	[3,1,2,1,2,1,2,1,2,1,2,1,2,1,2,1,2,1,2,2,2,2,2,1,2,1,2,2,2,1,3],
	[3,1,2,1,2,1,2,1,2,1,2,1,2,1,2,1,2,1,2,1,1,1,1,1,2,1,1,1,1,1,3],
	[3,1,2,1,2,1,1,1,1,1,2,1,2,1,2,1,2,1,2,1,2,2,2,1,2,1,2,2,2,1,3],
	[3,1,2,1,2,1,2,1,2,1,2,1,2,1,2,1,2,1,2,1,2,1,2,1,2,1,2,1,2,1,3],
	[3,1,2,1,2,1,2,1,2,1,2,1,1,1,2,1,2,1,2,1,2,1,2,1,1,1,1,1,2,1,3],
	[3,1,2,1,2,1,2,1,2,1,2,2,2,2,2,1,2,1,2,1,2,1,2,2,2,2,2,2,2,1,3],
	[3,1,1,1,1,1,1,1,1,1,1,1,1,1,1,1,1,1,1,1,1,1,1,1,1,1,1,1,1,1,3],
	[3,1,2,2,2,1,2,2,2,2,2,2,1,2,2,2,2,2,2,2,2,2,2,2,2,1,2,2,2,1,3],
	[3,1,2,1,2,1,1,1,1,1,1,2,1,2,1,1,1,1,1,1,1,1,1,1,1,1,2,1,1,1,3],
	[3,1,2,1,1,1,2,2,2,2,2,2,1,2,2,2,2,2,2,2,1,2,2,1,2,2,2,1,2,1,3],
	[3,1,2,1,2,1,2,1,1,1,1,1,1,1,1,1,1,1,1,2,1,1,1,1,2,1,1,1,2,1,3],
	[3,1,2,2,2,1,2,2,2,2,2,2,1,3,3,3,3,3,1,2,1,1,2,2,2,1,2,2,2,1,3],
	[3,1,1,1,1,1,1,1,1,1,1,1,1,3,4,4,4,3,1,2,2,2,2,1,1,1,2,1,2,1,3],
	[3,2,2,2,2,1,2,2,2,2,2,2,1,1,4,4,4,3,1,1,1,1,1,1,2,1,1,1,2,1,3],
	[3,1,1,1,1,1,1,1,1,1,1,1,1,3,4,4,4,3,1,2,2,2,2,1,1,1,2,1,2,1,3],
	[3,1,2,2,2,1,2,2,2,2,2,2,1,3,3,3,3,3,1,2,1,1,2,2,2,1,2,2,2,1,3],
	[3,1,2,1,2,1,2,1,1,1,1,1,1,1,1,1,1,1,1,2,1,1,1,1,2,1,1,1,2,1,3],
	[3,1,2,1,1,1,2,2,2,2,2,2,1,2,2,2,2,2,2,2,1,2,2,1,2,2,2,1,2,1,3],
	[3,1,2,1,2,1,1,1,1,1,1,2,1,2,1,1,1,1,1,1,1,1,1,1,1,1,2,1,1,1,3],
	[3,1,2,2,2,1,2,2,2,2,2,2,1,2,2,2,2,2,2,2,2,2,2,2,2,1,2,2,2,1,3],
	[3,1,1,1,1,1,1,1,1,1,1,1,1,1,1,1,1,1,1,1,1,1,1,1,1,1,1,1,1,1,3],
	[3,1,2,1,2,1,2,1,2,1,2,2,2,2,2,1,2,1,2,1,2,1,2,2,2,2,2,2,2,1,3],
	[3,1,2,1,2,1,2,1,2,1,2,1,1,1,2,1,2,1,2,1,2,1,2,1,1,1,1,1,2,1,3],
	[3,1,2,1,2,1,2,1,2,1,2,1,2,1,2,1,2,1,2,1,2,1,2,1,2,1,2,1,2,1,3],
	[3,1,2,1,2,1,1,1,1,1,2,1,2,1,2,1,2,1,2,1,2,2,2,1,2,1,2,2,2,1,3],
	[3,1,2,1,2,1,1,1,1,1,2,1,2,1,2,1,2,1,2,1,2,2,2,1,2,1,2,2,2,1,3],
	[3,1,2,1,2,1,2,1,2,1,2,1,2,1,2,1,2,1,2,2,2,2,2,1,2,1,2,2,2,1,3],
	[3,1,1,1,2,1,2,1,2,1,1,1,2,1,1,1,2,1,1,1,1,1,1,1,1,1,1,1,2,1,3],
	[3,3,3,3,3,3,3,3,3,3,3,3,3,3,3,3,3,3,3,3,3,3,3,3,3,3,3,3,3,3,3]
]
1= couloir
2= mur ouvrable
3= mur non ouvrable
4= enclos